262144000S,0C
50930311 1980
34386 1
20441 1
24735 1
7222 1
34615 1
9372 1
23748 1
10605 1
20209 1
40690 1
96675 1
3991 1
10758 1
34725 1
21370 1
19516 1
33782 1
8071 1
25093 1
20206 1
24227 1
20846 1
34100 1
21025 1
33367 1
10605 1
25188 1
20009 1
23505 1
25666 1
25658 1
20665 1
13684 1
34838 1
19537 1
19298 1
20841 1
20618 1
3992 1
21087 1
34744 1
14246 1
14996 1
21280 1
23615 1
34124 1
23335 1
25097 1
34326 1
12977 1
22314 1
21621 1
19326 1
10626 1
10731 1
34328 1
20927 1
20624 1
35018 1
25761 1
34231 1
23628 1
20327 1
7255 1
3995 1
49412 1
33871 1
21391 1
23884 1
34835 1
8078 1
18165 1
25309 1
23790 1
20799 1
23606 1
33847 1
12982 1
23701 1
23014 1
13742 1
13201 1
34417 1
25537 1
10139 1
22990 1
44101 1
23329 1
34532 1
22960 1
6466 1
6631 1
6503 1
19397 1
20666 1
21833 1
19320 1
3994 1
33843 1
24110 1
24972 1
34250 1
8283 1
25506 1
22913 1
10296 1
26039 1
34730 1
9226 1
23695 1
22489 1
17006 1
22131 1
26265 1
34095 1
25439 1
5979 1
6982 1
22380 1
26514 1
34509 1
42879 1
8287 1
19466 1
20725 1
3994 1
47314 1
34474 1
10744 1
8038 1
25257 1
22294 1
24482 1
24482 1
8041 1
10298 1
33196 1
22444 1
24089 1
20703 1
34086 1
23086 1
24288 1
8117 1
27067 1
14942 1
26473 1
24064 1
28332 1
33478 1
24842 1
22534 1
24455 1
3994 1
9386 1
8767 1
34798 1
22680 1
25246 1
1363163 1
6042 1
6726 1
13272 1
40350 1
34080 1
24153 1
21760 1
27405 1
19632 1
20458 1
19393 1
8518 1
21001 1
34416 1
21798 1
22528 1
26894 1
20669 1
1355019 1
21759 1
34253 1
24575 1
22210 1
34059 1
25049 1
67834 1
20478 1
33158 1
3995 1
37058 1
34086 1
21810 1
25437 1
19372 1
20445 1
20626 1
33616 1
24550 1
21415 1
26406 1
19390 1
34722 1
20663 1
22834 1
11465 1
31660 1
10750 1
10652 1
24314 1
18127 1
33719 1
21972 1
19401 1
20766 1
22101 1
33646 1
22911 1
33318 1
19399 1
20657 1
3995 1
22661 1
33561 1
21999 1
30868 1
25200 1
19412 1
20674 1
10924 1
7553 1
33828 1
19425 1
14195 1
24544 1
22133 1
27174 1
20691 1
22384 1
23296 1
12563 1
33950 1
23023 1
431390 1
30803 1
19399 1
20656 1
22382 1
22138 1
33452 1
24715 1
20616 1
55313 1
19591 1
20966 1
14459 1
19432 1
33547 1
22711 1
29568 1
19546 1
15983 1
20715 1
16240 1
23030 1
33821 1
33364 1
12729 1
5488 1
33864 1
22520 1
25211 1
24550 1
27123 1
19621 1
13450 1
20885 1
22536 1
34214 1
30436 1
44852 1
67632 1
22967 1
